$ 1 0.000005 8.281975887399955 64 5 50 5e-11
R 192 240 160 240 0 1 220 6 0 0 0.5
a 272 256 352 256 8 12 -12 1000000 -0.00003620091963595074 0 100000
g 256 288 256 304 0 0
w 272 272 256 272 0
w 256 272 256 288 0
r 288 208 336 208 0 47000
c 288 160 336 160 0 1.8e-11 -3.6201281645147096 0.001
w 272 240 256 240 0
w 256 240 256 208 0
w 256 208 288 208 0
w 256 208 256 160 0
w 256 160 288 160 0
w 336 208 352 208 0
w 352 208 352 256 0
w 336 160 352 160 0
w 352 160 352 208 0
r 352 256 400 256 0 1000
r 240 240 192 240 0 47000
w 256 240 240 240 0
w 512 384 496 384 0
r 496 384 448 384 0 47000
O 656 400 688 400 0 0
r 608 400 656 400 0 1000
w 608 304 608 352 0
w 592 304 608 304 0
w 608 352 608 400 0
w 592 352 608 352 0
w 512 304 544 304 0
w 512 352 512 304 0
w 512 352 544 352 0
w 512 384 512 352 0
w 528 384 512 384 0
c 544 304 592 304 0 1.8e-11 5.459377605940543 0.001
r 544 352 592 352 0 47000
w 512 416 512 432 0
w 528 416 512 416 0
g 512 432 512 448 0 0
a 528 400 608 400 8 12 -12 1000000 0.000054593230127104165 0 100000
R 448 384 416 384 0 1 110 6 0 0 0.5
x 420 230 519 233 4 12 fallback\sto\sDAC2
r 448 272 448 320 0 47000
w 400 256 448 256 0
w 448 256 448 272 0
w 512 352 448 352 0
w 448 352 448 320 0
o 21 64 0 4099 20 0.000390625 0 1
