$ 1 0.000005 8.281975887399955 64 5 50 5e-11
g -368 368 -368 384 0 0
v -320 336 -320 304 0 0 40 12 0 0 0.5
v -320 400 -320 368 0 0 40 12 0 0 0.5
w -368 368 -368 352 0
w -368 352 -320 352 0
w -320 336 -320 352 0
w -320 368 -320 352 0
r -304 288 -256 288 0 1000
r -304 416 -256 416 0 1000
w -304 416 -320 416 0
w -320 416 -320 400 0
w -304 288 -320 288 0
w -320 288 -320 304 0
d -240 288 -208 288 2 default
d -208 416 -240 416 2 default
w -256 288 -240 288 0
w -256 416 -240 416 0
209 -192 304 -192 336 0 0.00001 11.99987031718464 0.001 1
209 -192 368 -192 400 0 0.00001 10.482562416753272 0.001 1
w -208 416 -192 416 0
w -192 416 -192 400 0
w -192 368 -192 352 0
w -192 352 -320 352 0
w -192 336 -192 352 0
w -208 288 -192 288 0
w -192 288 -192 304 0
r -192 464 -192 512 0 1000
r -144 464 -144 512 0 1000
w -192 464 -192 448 0
w -192 448 -144 448 0
w -144 448 -144 464 0
w -192 448 -192 416 0
34 LM4040C10 1 1.7143528192810002e-7 0 5.824178511364336 10 0.1
z -144 544 -144 576 2 LM4040C10
c -96 576 -96 544 0 0.00001 9.949773931970396 0.001
w -192 512 -192 528 0
w -192 528 -144 528 0
w -144 528 -144 512 0
w -144 528 -144 544 0
w -144 528 -96 528 0
w -96 528 -96 544 0
w -144 576 -144 592 0
w -96 576 -96 592 0
w -96 592 -144 592 0
g -144 608 -144 624 0 0
w -144 608 -144 592 0
a 32 672 112 672 8 12 -12 1000000 -0.000015459209346584534 0 100000
g 16 704 16 720 0 0
w 16 704 16 688 0
w 16 688 32 688 0
r -48 656 0 656 0 100000
r 48 624 96 624 0 33000
w 32 656 16 656 0
w 16 656 16 624 0
w 16 624 48 624 0
w 16 656 0 656 0
w 96 624 112 624 0
w 112 624 112 672 0
c 48 576 96 576 0 3.3e-9 -1.5459363938678 0.001
w 48 576 16 576 0
w 16 576 16 624 0
w 96 576 112 576 0
w 112 576 112 624 0
r -32 544 -32 608 0 100000
w -32 608 -32 624 0
w -32 624 16 624 0
w -96 528 -32 528 0
w -32 528 -32 544 0
R 192 656 160 656 0 0 40 0 0 0 0.5
w 208 528 208 544 0
w 208 624 256 624 0
w 208 608 208 624 0
r 208 544 208 608 0 200000
w 352 576 352 624 0
w 336 576 352 576 0
w 256 576 256 624 0
w 288 576 256 576 0
c 288 576 336 576 0 3.3e-9 -1.6417045724441945 0.001
w 352 624 352 672 0
w 336 624 352 624 0
w 256 656 240 656 0
w 256 624 288 624 0
w 256 656 256 624 0
w 272 656 256 656 0
r 288 624 336 624 0 33000
r 192 656 240 656 0 100000
w 256 688 272 688 0
w 256 704 256 688 0
g 256 704 256 720 0 0
a 272 672 352 672 8 12 -12 1000000 -0.000016416881555626386 0 100000
w -32 528 208 528 0
a 512 672 592 672 8 12 -12 1000000 8.287177306132934e-8 0 100000
g 496 704 496 720 0 0
w 496 704 496 688 0
w 496 688 512 688 0
r 432 656 480 656 0 100000
r 528 624 576 624 0 33000
w 512 656 496 656 0
w 496 656 496 624 0
w 496 624 528 624 0
w 496 656 480 656 0
w 576 624 592 624 0
w 592 624 592 672 0
c 528 576 576 576 0 3.3e-9 0.008287260177905997 0.001
w 528 576 496 576 0
w 496 576 496 624 0
w 576 576 592 576 0
w 592 576 592 624 0
r 448 544 448 608 0 200000
w 448 608 448 624 0
w 448 624 496 624 0
w 448 528 448 544 0
R 432 656 400 656 0 0 40 5 0 0 0.5
w 416 528 208 528 0
w 448 528 416 528 0
R 672 656 640 656 0 0 40 5 0 0 0.5
w 688 528 688 544 0
w 688 624 736 624 0
w 688 608 688 624 0
r 688 544 688 608 0 200000
w 832 576 832 624 0
w 816 576 832 576 0
w 736 576 736 624 0
w 768 576 736 576 0
c 768 576 816 576 0 3.3e-9 0.008287260177905997 0.001
w 832 624 832 672 0
w 816 624 832 624 0
w 736 656 720 656 0
w 736 624 768 624 0
w 736 656 736 624 0
w 752 656 736 656 0
r 768 624 816 624 0 33000
r 672 656 720 656 0 100000
w 736 688 752 688 0
w 736 704 736 688 0
g 736 704 736 720 0 0
a 752 672 832 672 8 12 -12 1000000 8.287177306132934e-8 0 100000
R 928 656 896 656 0 0 40 5 0 0 0.5
w 944 528 944 544 0
w 944 624 992 624 0
w 944 608 944 624 0
r 944 544 944 608 0 100000
w 1088 576 1088 624 0
w 1072 576 1088 576 0
w 992 576 992 624 0
w 1024 576 992 576 0
c 1024 576 1072 576 0 3.3e-9 -1.6334146171724755 0.001
w 1088 624 1088 672 0
w 1072 624 1088 624 0
w 992 656 976 656 0
w 992 624 1024 624 0
w 992 656 992 624 0
w 1008 656 992 656 0
r 1024 624 1072 624 0 33000
r 928 656 976 656 0 100000
w 992 688 1008 688 0
w 992 704 992 688 0
g 992 704 992 720 0 0
a 1008 672 1088 672 8 12 -12 1000000 -0.000016333982831896435 0 100000
w 944 528 688 528 0
w 688 528 448 528 0
R -48 656 -80 656 0 1 40 5 5 0 0.5
O 112 576 144 576 0 0
O 352 576 384 576 0 0
O 592 576 624 576 0 0
O 832 576 864 576 0 0
O 1104 576 1120 576 0 0
w 1104 576 1088 576 0
x -367 257 -293 260 4 24 power
x -147 715 -45 718 4 24 CV\sinput
x -116 247 21 250 4 24 DAC\soutput
R 112 240 80 240 0 1 220 1.05 0 0 0.5
a 272 256 352 256 8 12 -12 1000000 0.000010391873379954261 0 100000
g 256 288 256 304 0 0
w 272 272 256 272 0
w 256 272 256 288 0
r 288 208 336 208 0 47000
c 288 160 336 160 0 1.8e-11 1.0391977298688062 0.001
w 272 240 256 240 0
w 256 240 256 208 0
w 256 208 288 208 0
w 256 208 256 160 0
w 256 160 288 160 0
w 336 208 352 208 0
w 352 208 352 256 0
w 336 160 352 160 0
w 352 160 352 208 0
r 352 256 400 256 0 1000
r 240 240 192 240 0 6800
w 256 240 240 240 0
c 176 256 176 288 0 1e-9 0.1512732864495872 0.001
g 176 288 176 304 0 0
w 192 240 176 240 0
w 176 240 176 256 0
r 160 240 112 240 0 2200
w 160 240 176 240 0
w 416 384 432 384 0
r 416 384 368 384 0 2200
w 432 384 432 400 0
w 448 384 432 384 0
g 432 432 432 448 0 0
c 432 400 432 432 0 1e-9 0.04151574604813449 0.001
w 512 384 496 384 0
r 496 384 448 384 0 6800
O 656 400 688 400 0 0
r 608 400 656 400 0 1000
w 608 304 608 352 0
w 592 304 608 304 0
w 608 352 608 400 0
w 592 352 608 352 0
w 512 304 544 304 0
w 512 352 512 304 0
w 512 352 544 352 0
w 512 384 512 352 0
w 528 384 512 384 0
c 544 304 592 304 0 1.8e-11 -0.7211665572932835 0.001
r 544 352 592 352 0 47000
w 512 416 512 432 0
w 528 416 512 416 0
g 512 432 512 448 0 0
a 528 400 608 400 8 12 -12 1000000 -0.000007211593456998265 0 100000
R 368 384 336 384 0 1 110 1.05 0 0 0.5
x 420 230 519 233 4 12 fallback\sto\sDAC2
r 448 272 448 320 0 47000
w 400 256 448 256 0
w 448 256 448 272 0
w 512 352 448 352 0
w 448 352 448 320 0
o 160 64 0 4099 10 0.000390625 0 2 56 0
o 203 64 0 4099 20 0.000390625 1 1
